154
-386
-475
259
-219
-250
-272
-358
254
-396
192
258
413
58
-411
104
-68
-468
-470
-405
-277
-262
17
116
-473
74
-297
233
165
218
58
-71
-275
-41
103
-216
328
390
-494
277
325
-337
214
-68
-152
-216
-341
-280
480
281
-156
-396
-406
-111
-401
-133
367
-148
118
-230
326
-456
247
-30
49
-373
496
444
-113
-420
65
-200
349
143
133
406
382
-130
91
-304
221
-429
-454
177
-267
291
-204
-419
375
-262
387
-397
-111
-216
-36
150
354
-127
-334
-121
-137
-286
186
-227
218
459
199
163
-427
123
150
-325
46
246
-250
-333
-27
-112
-224
447
155
204
70
-276
201
-168
363
286
294
-443
-266
341
-468
324
-177
-90
-226
-433
-284
435
465
80
397
235
-178
-283
171
11
-95
405
436
158
-31
-354
-229
-358
-248
262
74
51
-231
264
98
-62
419
97
-92
-130
-276
-359
21
5
-407
273
-452
381
-388
-344
142
-337
311
196
-68
110
-435
-106
-110
110
-21
41
-243
494
66
381
465
-489
196
238
-383
198
406
49
268
-227
287
156
-152
-386
-200
-55
-339
-36
-497
476
239
396
236
-231
495
12
280
-318
19
434
-392
391
140
-195
361
154
19
123
-297
-344
-118
280
-335
52
476
297
444
43
440
-500
113
-169
0
-481
-386
451
-129
399
351
326
-186
-255
-441
-254
399
80
469
-420
-413
249
-3
335
-430
278
45
284
-372
-369
175
-14
469
62
-331
-229
40
393
121
-67
487
-284
451
52
273
247
206
-295
230
-181
-92
187
165
-118
-52
421
29
-38
-377
-247
-270
-435
-154
-479
102
67
-265
102
-275
-493
-428
224
146
-440
-266
-431
427
-468
380
-162
-428
26
-257
-215
185
-3
-281
52
-365
240
457
403
84
90
-16
-252
303
-16
326
-84
-306
-404
-401
174
-59
-138
-67
-80
-22
384
246
-445
189
169
161
-400
-438
-88
245
-153
319
382
-389
-246
-304
-306
49
-41
-357
-68
-313
-215
-27
-245
395
445
-423
-47
327
382
376
63
-400
-449
167
53
356
-485
492
-405
448
271
369
-258
-330
-84
-3
-8
-282
385
-90
424
-440
-332
-112
-498
-101
-229
448
302
303
-35
-208
-67
213
480
248
302
69
177
235
-2
-342
-306
-197
-278
491
-441
93
253
55
-438
265
-179
-442
-449
98
-12
14
441
373
43
-339
-442
483
20
-418
371
-310
-430
109
-431
191
382
-260
-87
-378
464
411
83
-248
92
108
-460
134
-417
-71
173
97
78
35
-177
457
-233
-291
185
233
-179
-256
-229
-95
-366
187
160
-193
-32
-177
451
269
458
-426
-491
-31
136
76
-398
-425
50
-282
18
-229
-365
455
-143
402
-430
400
-250
-122
-209
-339
-52
353
56
220
-191
126
326
169
41
-492
183
336
67
-194
454
179
-394
461
399
-363
-230
-382
411
-391
260
66
-341
-222
-212
119
-285
234
-149
-292
203
149
373
-230
17
0
-243
427
429
366
-448
-406
149
-67
349
-217
-455
-497
-159
289
-367
152
-232
-335
259
-48
64
222
-63
74
-491
-386
-423
467
404
207
425
-348
58
-464
354
-122
96
65
-349
-60
-370
-458
-185
-127
420
455
315
495
381
-460
420
-134
-285
198
-245
182
-395
-138
298
73
405
395
-84
497
135
267
-342
447
452
-258
385
-334
499
319
330
-319
402
-78
-475
-317
254
446
-160
301
453
-79
321
185
384
252
330
-246
-227
-337
306
218
-390
-109
393
-461
379
-19
-273
-296
336
440
-29
-142
-188
340
314
392
-267
-272
-476
175
-303
-92
-164
-215
385
-429
490
291
-215
-141
156
21
-91
195
363
49
-161
461
-472
-382
398
493
-233
-318
94
485
-229
-461
-389
110
-56
-147
246
305
-179
-54
120
23
-382
-106
421
90
-306
-240
-455
225
-54
-499
32
447
325
51
203
236
462
259
254
186
-299
-128
-59
-429
471
180
442
-162
138
-179
179
368
-373
237
421
-193
19
-184
182
-82
-166
-88
213
-198
67
-370
-304
-70
180
462
-112
193
266
424
-322
130
82
-192
-85
61
353
-500
-189
-207
-285
-60
304
93
121
170
-171
-24
-48
-48
191
-282
23
-16
312
422
482
315
253
-327
174
-414
-210
27
179
148
134
-157
-405
338
474
269
-260
188
-183
-270
325
-297
-350
-475
-453
-250
-14
125
370
286
-426
-34
-76
407
144
89
-301
235
213
-107
6
-91
-251
-349
171
204
-495
414
268
381
288
406
-391
297
-65
-276
-320
323
480
212
30
-25
-449
70
-245
439
368
-376
-33
-364
320
-25
183
43
72
109
-176
472
273
412
-47
127
334
236
413
16
-64
350
428
61
-44
418
-338
261
382
-14
-40
-235
269
-247
360
152
-217
284
296
33
-4
141
-256
-219
-50
-421
230
-208
-260
-222
-157
-173
414
53
-418
-359
-346
-264
-108
210
-344
223
-281
-435
-76
-83
-162
55
-23
-75
-437
-289
352
-70
-102
426
288
98
468
212
-480
377
401
283
89
-111
-12
-494
465
-140
-195
271
-101
373
413
476
355
-71
51
265
252
59
319
117
419
-275
-1
-276
-221
-54
-3
-471
-102
-156
184
195
317
-86
241
-331
360
-22
441
-370
137
46
-473
428
-97
106
77
178
-473
-415
158
-62
-362
387
-28
-314
-449
-234
-112
-165
-284
-35
-166
